399 506	287	155	-1	202	457	-1	-1	243	362	383	201	442	-1	133	276	-1	0	478	365	326	1	0	-1	-1
51	-1	70	213	142	167	-1	102	78	413	-1	137	17	-1	218	462	70	231	-1	70	-1	159	0	0	0	-1
127	499	326	-1	479	105	420	176	232	217	286	-1	-1	221	35	404	-1	234	277	470	35	-1	-1	-1	0	0
0	510	-1	218	380	-1	80	449	506	-1	314	217	495	398	426	-1	253	27	235	-1	226	196	1	-1	-1	0
26	103	-1	-1	-1	-1	-1	-1	-1	-1	-1	-1	-1	-1	-1	-1	-1	-1	-1	-1	-1	-1	-1	-1	-1	-1
442	62	-1	478	-1	-1	-1	-1	-1	-1	-1	-1	483	-1	-1	-1	233	-1	-1	-1	-1	57	164	-1	-1	-1
428	-1	-1	-1	-1	-1	262	-1	-1	-1	234	462	-1	94	-1	-1	-1	72	218	-1	44	-1	-1	-1	-1	-1
465	372	-1	-1	358	-1	-1	310	463	-1	-1	-1	-1	-1	165	-1	-1	-1	-1	-1	-1	-1	-1	-1	-1	-1
36	470	-1	9	-1	-1	-1	-1	-1	-1	-1	-1	337	-1	-1	-1	35	-1	-1	509	-1	224	196	-1	275	-1
215	20	-1	-1	-1	-1	-1	-1	-1	-1	190	176	-1	437	-1	-1	-1	54	167	-1	299	-1	-1	-1	-1	-1
-1	222	281	-1	273	-1	-1	398	31	-1	-1	-1	-1	-1	497	-1	-1	-1	-1	-1	-1	-1	-1	-1	-1	-1
485	225	-1	-1	-1	-1	-1	-1	-1	-1	-1	-1	345	-1	-1	-1	489	-1	-1	-1	-1	456	501	161	-1	-1
184	230	-1	-1	-1	-1	-1	-1	-1	-1	457	119	-1	269	-1	-1	-1	-1	167	-1	-1	-1	-1	-1	-1	-1