01100011110111111010010001111100100110111000000001001100101001110010011000000001100000000100111100110101101010010111111100110010010110111010100000000100100001010100010100100000000100000000000111011110010110110101010001100000000001000000000010000000011000000001,
00001100111000000001000100011000110101010010001110001010011110000000010001100110000100111001100111011000000001001000100100000100011000000001001101101001110011100001000110001110011110000000010001000110100000000100100111110000000000000000000000000000001000000001,
00011111110111110011010100011010000000010111011111000110100101101001000010110000001110100000110110010100011110100000000110000000010011011101000010001101100101001000000001001110101001000101010111010110000010001110000000011000000001100000000100000000000000000000,
00000000000111111110100000000100110110100101111100100000000100010100000111000001011111101010000000010100111010001101100101111011110110001110011010101010000000010011111101000001101100111010111000000001001110001000110001000000000001100000000110000000010000000000,
00000110100001100111100000000110000000011000000001100000000110000000011000000001100000000110000000011000000001100000000110000000011000000001100000000110000000011000000001100000000110000000011000000001100000000110000000011000000001100000000110000000011000000001,
01101110100000111110100000000101110111101000000001100000000110000000011000000001100000000110000000011000000001100000000101111000111000000001100000000110000000010011101001100000000110000000011000000001100000000100001110010010100100100000000110000000011000000001,
01101011001000000001100000000110000000011000000001100000000101000001101000000001100000000110000000010011101010011100111010000000010001011110100000000110000000011000000001000100100000110110101000000001000010110010000000011000000001100000000110000000011000000001,
01110100010101110100100000000110000000010101100110100000000110000000010100110110011100111110000000011000000001100000000110000000011000000001001010010110000000011000000001100000000110000000011000000001100000000110000000011000000001100000000110000000011000000001,
00001001000111010110100000000100000010011000000001100000000110000000011000000001100000000110000000011000000001100000000101010100011000000001100000000110000000010000100011100000000110000000010111111101100000000100111000000011000100100000000101000100111000000001,
00110101110000010100100000000110000000011000000001100000000110000000011000000001100000000110000000010010111110001011000010000000010110110101100000000110000000011000000001000011011000101001111000000001010010101110000000011000000001100000000110000000011000000001,
10000000010011011110010001100110000000010100010001100000000110000000010110001110000001111110000000011000000001100000000110000000011000000001011111000110000000011000000001100000000110000000011000000001100000000110000000011000000001100000000110000000011000000001,
01111001010011100001100000000110000000011000000001100000000110000000011000000001100000000110000000011000000001100000000101010110011000000001100000000110000000010111101001100000000110000000011000000001100000000101110010000111110101001010000110000000011000000001,
00101110000011100110100000000110000000011000000001100000000110000000011000000001100000000110000000010111001001000111011110000000010100001101100000000110000000011000000001100000000100101001111000000001100000000110000000011000000001100000000110000000011000000001;
